0 0 0 0 0 0 0 1 0 0 1 1 0 0 0 1 1 0 0 0 0 0 0 0 0 0 1 0 0 0 0 0 0 1 0 0 1 1 0 0 0 0 1 0 0 0 0 0 1 0 0 0 0 0 0 0 0 0 0 0
0 0 0 0 0 0 0 0 0 0 0 0 0 0 0 0 0 0 0 0 0 0 0 0 0 0 0 0 0 0 0 0 0 0 0 0 0 0 0 0 0 0 0 0 0 0 0 0 0 0 0 0 0 0 0 0 0 0 0 0
0 0 0 0 0 0 0 0 0 0 0 0 0 0 0 0 0 0 0 0 0 0 0 0 0 0 0 0 0 0 0 0 0 0 0 0 0 0 0 0 0 0 0 0 0 0 0 0 0 0 0 0 0 0 0 0 0 0 0 0
0 0 0 0 0 0 0 0 0 0 0 0 0 0 0 0 0 0 0 0 0 0 0 0 0 0 0 0 0 0 0 0 0 0 0 0 0 0 0 0 0 0 0 0 0 0 0 0 0 0 0 0 0 0 0 0 0 0 0 0
8 6 10 7 12 0 18 0 3 5 6 5 6 7 9 0 0 10 10 14 8 5 9 11 12 10 8 11 5 5 6 12 6 7 2 12 10 7 12 13 11 8 1 9 9 5 3 1 9 3 4 12 10 6 11 4 8 5 1 0
3 2 0 1 0 175 1 24 6 2 6 4 5 1 8 93 66 6 3 8 4 2 3 3 0 1 4 0 0 9 2 2 2 1 37 0 0 0 0 0 1 14 100 0 3 3 0 27 2 0 0 0 0 0 1 0 0 0 5 2
0 0 0 0 0 0 0 0 0 0 0 0 0 1 2 0 0 0 0 1 0 0 0 1 0 0 0 0 1 0 0 0 1 0 0 1 0 1 0 1 0 0 0 1 0 0 0 0 0 0 1 1 0 0 0 0 0 1 0 0
56 61 57 61 0 33 5 163 140 67 80 94 80 29 39 68 94 123 115 90 87 54 64 5 19 4 24 24 26 106 64 63 71 69 94 9 23 2 1 10 37 15 25 22 44 35 31 88 27 0 0 0 0 0 1 0 0 0 1 1
0 0 0 0 0 0 0 0 0 0 0 0 0 0 0 0 0 0 0 0 0 0 0 0 0 0 0 0 0 0 0 0 0 0 0 0 0 0 0 0 0 0 0 0 1 0 0 0 0 0 0 0 0 0 0 0 0 0 0 0
0 0 0 0 0 0 0 0 0 0 0 0 0 0 0 0 0 0 0 0 0 0 0 0 0 0 0 0 0 0 0 0 0 0 0 0 0 0 0 0 0 0 0 0 0 0 0 0 0 0 0 0 0 0 0 0 0 0 0 0
0 0 0 0 0 0 0 0 0 0 0 0 0 0 0 0 0 0 0 0 0 0 0 0 0 0 0 0 0 0 0 0 0 0 0 0 0 0 0 0 0 0 0 0 0 0 0 0 0 0 0 0 0 0 0 0 0 0 0 0
0 0 0 0 0 0 0 0 0 0 0 0 0 0 0 0 0 0 0 0 0 0 0 0 0 0 0 0 0 0 0 0 0 0 0 0 0 0 0 0 0 0 0 0 0 0 0 0 0 0 0 0 0 0 0 0 0 0 0 0
0 0 0 0 0 1 0 0 0 0 0 0 0 0 3 0 0 0 0 0 0 0 0 0 0 0 0 0 1 1 0 0 0 0 0 0 0 0 0 0 0 0 0 1 1 1 2 0 0 0 0 0 0 0 0 0 0 0 0 0
7 6 8 6 10 0 7 2 1 7 4 6 6 19 10 1 0 6 5 8 6 7 12 11 11 13 16 14 11 1 6 11 7 4 2 11 8 12 8 13 7 5 4 12 11 4 9 2 7 5 3 1 1 3 14 0 4 2 3 1
0 0 0 0 0 0 0 0 0 0 0 0 0 0 0 0 0 0 0 0 0 0 0 0 0 0 0 0 0 0 0 0 0 0 0 0 0 0 0 0 0 0 0 0 0 0 0 0 0 0 0 0 0 0 0 0 0 0 0 0
22 18 13 12 1 250 1 129 94 18 28 44 11 7 26 261 225 21 17 31 26 16 25 1 3 2 15 4 8 36 13 17 12 14 235 3 3 3 4 3 15 16 117 14 25 13 7 177 4 0 0 0 0 0 0 0 0 0 2 2
11 12 15 15 0 30 0 48 32 12 32 19 22 10 11 55 59 22 28 23 17 3 15 2 3 3 4 4 8 34 16 13 14 17 53 2 5 0 0 2 12 9 26 9 19 7 5 41 3 0 0 0 0 0 0 0 0 0 0 0
31 27 26 28 7 12 8 51 57 30 29 30 29 25 17 28 31 38 44 42 40 36 31 18 24 14 24 19 24 36 27 26 20 31 30 14 19 8 10 10 29 8 23 20 27 16 20 32 22 0 0 0 0 0 2 0 0 0 0 0
0 0 0 0 0 0 0 0 0 0 0 0 1 0 1 0 2 0 1 0 1 1 1 0 0 0 0 0 0 0 0 0 0 0 0 0 0 0 0 0 1 1 0 0 0 1 0 0 0 0 0 0 0 0 0 0 0 0 0 0
4 4 4 3 0 0 1 5 6 2 2 2 2 1 1 1 1 4 0 0 0 2 1 0 0 1 0 0 1 5 2 0 2 2 0 0 0 0 0 0 0 1 1 5 3 2 2 3 0 0 0 0 0 0 0 0 0 0 0 0
0 0 0 0 0 0 0 0 0 0 0 0 0 0 0 0 0 0 0 0 0 0 0 0 0 0 0 0 0 0 0 0 0 0 0 0 0 0 0 0 0 0 0 0 0 0 0 0 0 0 0 0 0 0 0 0 0 0 0 0
0 1 0 1 0 0 2 0 0 0 0 0 1 1 0 0 0 1 1 0 0 2 1 0 0 2 0 1 0 0 0 7 0 0 0 0 0 0 0 2 0 0 0 2 0 0 0 0 1 0 0 1 0 0 0 0 0 0 0 0
0 0 0 0 0 0 0 0 0 0 0 0 0 0 0 0 0 0 0 0 0 0 0 0 0 0 0 0 0 0 0 0 0 0 0 0 0 0 0 0 0 0 0 0 0 0 0 0 0 0 0 0 0 0 0 0 0 0 0 0
0 4 4 2 4 0 5 0 1 0 1 0 2 3 2 0 0 1 0 1 3 4 0 3 1 3 1 0 1 1 1 1 0 0 2 1 1 2 0 0 1 6 0 1 1 4 1 2 0 1 1 2 2 1 4 0 4 0 2 0
2 1 2 3 1 2 6 0 0 1 0 1 2 4 6 1 0 1 1 0 2 1 1 8 2 1 1 3 3 4 2 2 3 4 0 2 5 4 2 4 7 5 3 5 6 9 6 0 6 0 0 1 0 0 4 0 1 0 0 0
30 23 21 27 38 2 29 5 13 19 16 20 17 30 36 3 4 15 19 16 16 14 14 31 27 34 12 29 22 14 17 25 27 24 4 32 28 32 27 28 30 20 8 35 20 37 29 8 32 11 9 10 5 5 17 2 11 3 5 2
26 24 28 34 40 0 44 0 1 27 18 16 17 34 18 0 2 16 12 16 27 44 39 33 28 38 73 35 29 13 22 42 20 22 0 23 21 37 27 38 27 9 4 37 21 25 28 2 41 2 6 9 11 4 29 5 5 6 4 4
0 0 0 0 0 0 0 0 0 0 0 0 0 0 0 0 0 0 0 0 0 0 0 0 0 0 0 0 0 0 0 0 0 0 0 0 0 0 0 0 0 0 0 0 0 0 0 0 0 0 0 0 0 0 0 0 0 0 0 0
0 0 1 0 0 0 0 0 0 0 0 0 0 0 0 0 0 0 0 0 0 0 0 0 0 0 0 0 0 0 0 0 0 0 0 0 0 0 0 0 0 0 0 0 0 0 0 0 0 0 0 0 0 0 0 0 0 0 0 0
1 0 2 1 0 0 0 1 1 0 0 0 1 0 0 0 1 0 0 0 1 1 0 0 0 0 0 0 0 1 0 0 0 1 1 0 0 0 0 0 0 1 0 0 2 2 0 1 0 0 0 0 0 0 0 0 0 0 1 0
0 0 0 0 0 0 0 0 0 0 0 0 0 0 0 0 0 0 0 0 0 0 0 0 0 0 0 0 0 0 0 0 0 0 0 0 0 0 0 0 0 0 0 0 0 0 0 0 0 0 0 0 0 0 0 0 0 0 0 0
10 8 5 9 10 1 5 4 4 14 13 9 9 5 4 4 1 5 4 12 11 7 11 11 12 6 2 4 10 4 11 7 9 7 4 4 10 7 7 6 6 6 6 7 11 7 11 3 10 0 1 0 1 0 2 1 1 0 0 1
0 0 0 0 0 0 0 0 0 0 0 0 0 0 0 0 0 0 0 0 0 0 0 0 0 0 0 0 0 0 0 0 0 0 0 0 0 0 0 0 0 0 0 0 0 0 0 0 0 0 0 0 0 0 0 0 0 0 0 0
0 0 0 0 0 0 0 0 0 0 0 0 0 0 0 0 0 0 0 0 0 0 0 0 0 0 0 0 0 0 0 0 0 0 0 0 0 0 0 0 0 0 0 0 0 0 0 0 0 0 0 0 0 0 0 0 0 0 0 0
0 0 0 0 0 1 0 0 0 0 0 0 0 0 0 0 0 0 0 0 0 0 0 0 0 0 1 0 0 0 0 0 0 0 1 0 0 0 0 0 0 0 0 0 1 0 0 1 0 0 0 0 0 0 0 0 0 0 0 0
0 0 0 0 0 0 0 0 0 0 0 0 0 0 0 0 0 0 0 0 0 0 0 0 0 0 0 0 0 0 0 0 0 0 0 0 0 0 0 0 0 0 0 0 0 0 0 0 0 0 0 0 0 0 0 0 0 0 0 0
39 30 39 40 37 0 40 6 27 34 38 32 28 45 49 5 9 25 25 27 36 32 23 47 59 42 34 37 38 23 35 25 35 35 15 51 52 50 44 54 44 15 14 45 46 55 45 15 34 0 1 2 2 0 4 0 3 0 2 2
0 0 0 0 0 0 0 0 0 0 0 0 0 0 0 0 0 0 0 0 0 0 0 0 0 0 0 0 0 0 0 0 0 0 0 0 0 0 0 0 0 0 0 0 0 0 0 0 0 0 0 0 0 0 0 0 0 0 0 0
242 256 253 220 356 4 289 25 80 276 208 200 237 188 225 12 18 201 198 172 170 168 221 286 297 307 227 329 320 162 255 217 273 282 16 353 337 368 396 341 245 109 46 285 204 241 288 42 299 6 3 11 13 3 66 4 8 6 18 8
0 0 0 0 0 0 0 0 0 0 0 0 0 0 0 0 0 0 0 0 0 0 0 0 0 0 0 0 0 0 0 0 0 0 0 0 0 0 0 0 0 0 0 0 0 0 0 0 0 0 0 0 0 0 0 0 0 0 0 0
0 0 0 0 0 0 0 0 0 0 0 0 0 0 0 0 0 0 0 0 0 0 0 0 0 0 0 0 0 0 0 0 0 0 0 0 0 0 0 0 0 0 0 0 0 0 0 0 0 0 0 0 0 0 0 0 0 0 0 0
14 18 15 16 17 4 22 4 6 8 19 12 19 27 31 2 2 9 10 13 12 20 19 30 16 21 16 17 15 10 14 13 10 10 4 7 13 7 5 7 14 106 26 20 15 18 15 12 10 25 35 26 31 17 65 18 49 21 20 22
8 15 17 15 10 61 9 46 37 9 15 26 20 20 14 35 47 22 26 27 28 21 18 13 5 14 19 8 11 30 11 15 17 11 45 5 3 1 3 1 19 84 106 7 21 11 9 60 7 2 3 4 3 4 9 2 8 2 9 5
26 32 29 33 24 3 32 24 23 23 29 25 26 22 32 7 13 29 29 28 30 35 30 25 37 32 31 36 38 33 35 22 36 28 12 43 40 26 26 27 29 24 13 29 38 43 35 16 22 1 0 0 2 2 2 0 0 0 13 5
30 23 25 21 14 7 27 24 32 26 26 30 27 33 25 10 13 24 20 36 24 20 23 30 34 33 41 18 21 27 26 27 19 17 10 18 16 20 24 25 37 21 33 24 38 36 32 26 26 0 0 0 0 1 7 1 1 0 6 3
1 2 0 1 1 0 1 3 2 0 1 1 3 0 5 3 0 1 1 2 0 1 1 4 0 1 2 1 2 4 4 3 0 1 3 0 1 2 0 3 4 4 3 3 9 4 3 5 3 0 0 0 1 0 1 0 1 1 1 2
0 0 0 0 0 0 0 0 0 0 0 0 0 0 0 0 0 0 0 0 0 0 0 0 0 0 0 0 0 0 0 0 0 0 0 0 0 0 0 0 0 0 0 0 0 0 0 0 0 0 0 0 0 0 0 0 0 0 0 0
34 33 28 26 4 26 14 65 60 30 40 38 32 27 17 35 38 33 40 37 50 31 30 14 18 16 34 15 12 61 29 30 27 27 57 16 15 3 7 8 36 35 49 17 39 22 26 56 22 0 1 0 0 1 4 0 0 1 6 2
0 0 0 0 0 0 0 0 0 0 0 0 0 0 0 0 0 0 0 0 0 0 0 0 0 0 0 0 0 0 0 0 0 0 0 0 0 0 0 0 0 0 0 0 0 0 0 0 0 0 0 0 0 0 0 0 0 0 0 0
0 0 1 0 0 0 1 0 0 0 0 2 1 0 0 0 0 0 0 0 0 1 0 0 0 0 0 1 0 0 0 0 0 0 0 0 0 0 0 0 0 0 0 0 0 0 0 0 2 0 2 0 3 0 1 0 1 2 0 1
0 1 0 1 2 0 3 0 0 1 1 0 1 2 0 0 0 0 0 0 0 5 0 2 0 0 0 0 1 0 1 2 0 0 0 0 0 0 0 0 0 10 1 0 0 1 0 0 1 89 88 66 58 76 32 82 82 78 20 35
4 4 2 4 5 0 7 0 0 1 3 3 3 16 6 0 0 0 1 3 3 33 5 6 3 4 3 3 4 0 5 13 3 3 0 3 3 4 3 8 4 6 1 0 0 6 1 0 3 56 38 74 75 26 86 25 62 46 3 8
1 0 1 1 0 0 2 0 0 0 0 0 0 6 2 0 0 1 1 1 2 5 1 0 0 1 1 0 0 0 2 3 0 0 0 0 0 1 0 0 0 0 0 1 0 1 0 0 2 23 16 41 45 7 37 14 31 18 1 2
0 0 0 0 0 0 1 0 0 0 0 0 0 0 0 0 0 0 0 0 0 1 0 0 0 0 0 0 0 0 0 0 0 0 0 1 0 0 0 0 0 0 0 0 0 0 0 0 0 73 77 26 39 82 2 100 34 86 15 44
14 16 19 33 29 0 34 0 2 15 11 10 18 51 26 0 0 11 15 18 22 43 28 26 14 23 32 14 14 6 21 26 12 10 1 15 13 28 21 25 11 32 3 13 11 16 14 5 27 45 44 70 68 32 102 42 65 34 5 14
0 0 0 0 0 0 0 0 0 0 0 0 0 0 0 0 0 0 0 0 0 0 0 0 0 0 0 0 0 0 0 0 0 0 0 0 0 0 0 0 0 0 0 0 0 0 0 0 0 0 0 0 0 4 0 3 0 3 0 1
0 0 0 0 1 0 1 0 0 0 0 0 1 1 0 0 0 0 0 0 0 2 0 1 1 1 0 0 0 0 0 0 0 0 0 0 0 0 0 0 0 2 1 0 0 0 0 0 0 11 10 18 18 4 14 9 21 8 2 2
0 0 1 1 1 0 3 0 0 0 0 0 0 9 1 0 0 0 0 0 0 11 1 2 0 0 0 0 0 1 0 4 0 0 0 0 0 1 0 1 0 4 0 0 0 0 0 0 1 197 189 216 222 205 93 221 190 236 13 47
4 3 4 5 3 15 10 2 2 2 2 1 2 4 3 6 4 3 3 3 2 3 1 4 2 4 2 1 1 4 4 3 1 1 2 2 2 1 1 0 2 39 13 4 4 3 5 3 4 27 27 10 6 34 11 21 15 18 342 234
2 1 1 2 1 0 2 0 0 1 1 0 2 4 2 0 0 2 1 1 2 0 2 3 1 1 0 1 1 1 1 0 1 2 0 1 1 2 1 2 1 15 0 2 0 0 2 0 0 53 72 29 13 112 9 76 26 54 132 179
