1 0 0 1 0 0 1 0 0 0 2 1 0 0 0 0 0 0 1 1 0 1 1 0 0 1 0 1 0 0 0 0 0 0 0 0 0 0 0 0 0 0 0 0 0 0 1 0 0 0 0 0 0 0 0 0 0 0 0 0
1 1 1 0 0 0 0 1 0 0 2 0 1 0 0 0 0 0 0 0 0 1 0 0 0 0 0 0 0 0 0 0 0 1 0 0 1 1 1 1 0 0 0 0 0 0 0 0 1 0 0 0 0 0 0 0 0 0 0 0
108 97 106 93 79 0 91 8 15 74 55 47 70 27 27 2 3 54 52 72 69 67 71 36 56 57 37 63 52 42 82 69 60 63 1 71 84 82 81 82 53 8 7 54 39 51 68 5 71 0 0 0 0 0 3 0 0 0 5 2
0 0 0 0 0 0 0 0 0 0 0 0 0 0 0 0 0 0 0 0 0 0 0 0 0 0 0 0 0 0 0 0 0 0 0 0 0 0 0 0 0 0 0 0 0 0 0 0 0 0 0 0 0 0 0 0 0 0 0 0
64 81 82 95 187 2 99 1 19 76 87 95 82 79 124 2 2 86 79 48 53 26 59 122 139 120 75 135 137 91 79 79 124 100 6 141 113 107 125 101 105 40 16 129 96 110 114 28 112 2 1 0 4 0 17 0 4 0 4 0
2 0 1 3 0 136 0 10 10 0 3 5 0 1 3 82 60 5 4 15 5 4 2 3 0 2 1 0 0 4 1 1 2 1 38 0 0 0 0 0 3 7 85 0 7 3 1 43 1 0 0 0 0 0 0 0 0 0 0 0
0 1 2 1 0 0 4 0 0 1 1 0 0 0 0 0 0 0 1 0 1 4 0 0 0 0 0 2 1 0 0 1 2 1 0 1 1 1 2 2 0 0 1 1 2 1 2 0 2 0 0 0 0 0 0 0 0 0 0 0
76 74 62 70 0 34 4 254 167 77 120 127 89 32 38 90 140 129 129 112 111 65 87 3 9 5 19 27 42 154 71 78 75 78 162 10 18 0 2 9 40 11 38 35 58 25 37 134 22 0 0 0 0 0 0 0 0 0 0 0
45 49 52 47 4 22 7 130 148 57 77 83 77 41 40 37 53 84 89 77 80 56 53 12 14 17 37 29 30 88 45 40 48 51 74 15 25 10 7 14 55 15 41 34 60 42 40 61 26 0 0 0 0 0 0 0 0 0 0 0
0 0 0 1 0 0 0 0 0 0 0 0 0 0 0 0 0 0 0 0 0 0 1 0 0 0 0 0 0 1 1 0 0 1 0 0 0 1 0 0 1 0 0 1 0 0 0 0 0 0 0 0 0 0 0 0 0 0 0 0
0 0 0 0 0 0 0 0 0 0 0 0 0 0 0 0 0 0 0 0 0 0 0 0 0 0 0 0 0 0 0 0 0 0 0 0 0 0 0 0 0 0 0 0 0 0 0 0 0 0 0 0 0 0 0 0 0 0 0 0
0 0 0 0 0 0 0 0 0 0 0 0 0 0 0 0 0 0 0 1 0 0 0 0 0 1 0 0 0 0 0 0 0 0 0 0 0 0 0 0 0 0 0 0 0 0 0 0 0 0 0 0 0 0 0 0 0 0 0 0
0 0 0 0 0 0 0 0 0 0 0 1 1 2 0 0 1 1 1 1 2 0 1 0 0 0 0 0 0 0 1 0 0 0 1 0 1 0 0 0 1 0 0 0 0 0 0 0 0 0 0 0 0 0 0 0 0 0 0 0
4 3 0 0 5 0 3 0 1 2 1 1 3 10 10 0 1 2 2 0 5 3 3 5 5 4 1 2 5 3 4 2 4 5 1 1 2 2 2 6 2 1 2 5 3 6 2 1 3 0 0 1 0 0 5 0 2 0 1 0
9 11 10 7 9 2 9 5 23 10 20 13 12 35 37 1 2 7 4 5 5 6 7 15 26 18 13 15 13 14 6 5 7 6 10 24 12 11 18 9 28 9 8 18 23 20 10 20 12 0 0 0 0 0 0 0 0 0 0 0
12 14 14 15 0 269 2 105 49 8 17 21 12 5 18 335 277 21 25 22 29 13 24 2 1 5 16 5 6 25 15 16 15 14 193 1 6 0 0 1 14 19 74 6 23 18 7 154 4 0 0 0 0 0 0 0 0 0 0 0
3 5 2 3 0 33 1 25 26 4 11 21 5 2 4 32 30 4 5 11 6 2 5 0 0 0 0 0 1 12 5 5 4 5 48 0 1 0 0 1 5 3 24 4 5 3 3 34 0 0 0 0 0 0 0 0 0 0 0 0
1 1 2 0 0 0 1 2 0 2 0 1 3 1 0 1 3 3 3 2 2 1 2 0 0 0 0 1 0 0 0 2 0 0 0 0 0 0 0 0 0 0 2 0 1 1 1 3 1 0 0 0 0 0 0 0 0 0 0 0
0 0 0 0 0 0 0 0 0 0 0 0 0 0 0 0 0 0 0 0 0 0 0 0 0 0 0 0 0 0 0 0 0 0 0 0 0 0 0 0 0 0 0 0 0 0 0 0 0 0 0 0 0 0 0 0 0 0 0 0
0 0 0 0 0 0 0 0 0 0 0 0 0 0 0 0 0 0 0 0 0 0 0 0 0 0 0 0 0 0 0 0 0 0 0 0 0 0 0 0 0 0 0 0 0 0 0 0 0 0 0 0 0 0 0 0 0 0 0 0
23 26 28 26 2 6 3 24 26 20 17 10 15 8 6 15 15 27 30 39 37 48 30 3 10 1 20 4 7 18 30 23 20 23 10 3 4 3 4 5 18 3 7 10 14 12 8 10 8 0 0 0 0 0 0 0 0 0 0 0
13 7 7 8 5 5 15 2 5 10 10 3 7 8 2 2 3 8 7 15 15 34 11 5 4 9 10 3 7 3 16 15 4 4 3 8 6 10 6 10 5 3 2 4 5 9 7 2 10 0 0 0 0 1 1 0 1 0 0 0
0 0 0 0 0 0 0 0 0 0 0 0 0 0 0 0 0 0 0 0 0 0 0 0 0 0 0 0 0 0 0 0 0 0 0 0 0 0 0 0 0 0 0 0 0 0 0 0 0 0 0 0 0 0 0 0 0 0 0 0
37 48 34 44 92 2 81 15 25 42 53 51 51 87 97 0 5 38 31 37 35 33 35 160 119 128 78 101 94 43 51 52 61 44 12 78 81 77 82 65 79 86 35 96 102 88 88 36 87 0 0 1 1 0 20 0 2 1 3 0
21 14 10 13 19 0 12 9 25 15 13 18 15 22 37 1 0 11 11 8 11 6 8 20 32 15 8 21 20 13 12 9 17 18 4 27 25 27 28 19 34 7 9 18 21 25 22 4 20 0 0 0 0 0 0 0 0 0 0 0
1 0 1 0 3 0 1 0 0 1 0 0 1 0 1 0 0 1 0 0 1 0 2 1 0 2 4 1 1 1 2 0 1 2 0 0 1 1 2 2 1 0 0 1 1 3 2 0 1 0 0 0 0 0 0 0 0 0 0 0
34 28 39 33 43 0 65 0 1 40 18 22 26 37 19 1 0 39 38 35 40 95 64 44 43 66 175 52 47 23 58 69 54 61 2 66 57 83 63 87 37 12 3 62 19 43 43 0 59 0 0 2 2 1 2 0 0 1 8 2
0 0 0 0 0 0 0 0 0 0 0 0 0 0 0 0 0 0 0 0 0 0 0 0 0 0 0 0 0 0 0 0 0 0 0 0 0 0 0 0 0 0 0 0 0 0 0 0 0 0 0 0 0 0 0 0 0 0 0 0
0 0 0 0 0 0 0 0 0 0 0 0 0 0 0 0 0 0 0 0 0 0 0 0 0 0 0 0 0 0 0 0 0 0 0 0 0 0 0 0 0 0 0 0 0 0 0 0 0 0 0 0 0 0 0 0 0 0 0 0
0 1 0 0 0 0 0 0 0 0 1 0 1 1 1 1 2 0 0 0 0 0 0 0 0 0 0 0 1 4 0 0 0 0 0 1 1 0 0 0 2 0 0 1 1 2 3 2 1 0 0 0 0 0 0 0 0 0 0 0
0 0 0 0 0 0 0 0 0 0 0 0 0 0 0 0 0 0 0 0 0 0 0 0 0 0 0 0 0 0 0 0 0 0 0 0 0 0 0 0 0 0 0 0 0 0 0 0 0 0 0 0 0 0 0 0 0 0 0 0
0 0 0 0 0 0 0 0 0 0 0 0 0 1 0 0 0 0 0 0 0 0 0 0 0 0 0 0 0 0 0 0 0 0 0 0 0 0 0 0 0 0 0 0 0 0 0 0 1 0 0 0 0 0 0 0 0 0 0 0
0 0 0 0 0 0 0 0 0 0 0 0 0 0 0 0 0 0 0 0 0 0 0 0 0 0 0 0 0 0 0 0 0 0 0 0 0 0 0 0 0 0 0 0 0 0 0 0 0 0 0 0 0 0 0 0 0 0 0 0
0 0 0 0 0 0 0 0 0 0 0 0 0 0 0 0 0 0 0 0 0 0 0 0 0 0 1 0 0 0 0 0 0 0 0 0 0 0 0 0 0 0 0 0 0 0 1 0 0 0 0 0 0 0 0 0 0 0 0 0
1 1 0 0 0 0 1 3 1 0 0 2 2 1 1 0 0 1 0 1 2 0 0 0 0 0 1 1 1 1 0 0 1 0 3 0 0 1 1 1 0 1 1 1 1 0 1 2 0 0 0 0 0 0 0 0 0 0 0 0
42 54 59 48 62 0 55 4 24 68 52 41 60 31 37 1 0 36 47 19 17 14 42 45 71 57 17 68 78 48 59 38 54 70 4 73 82 62 93 65 34 3 6 52 36 50 57 2 59 0 0 0 0 0 1 0 0 0 0 0
53 47 50 43 29 0 61 7 38 66 31 34 44 27 52 1 5 33 30 46 41 48 40 21 50 37 29 45 38 22 42 46 40 47 4 66 64 79 69 76 39 6 8 43 38 44 53 3 56 0 0 0 0 0 0 0 0 0 0 0
12 9 10 11 4 0 14 0 4 12 10 5 7 5 6 0 0 5 6 9 10 13 14 4 7 6 4 7 9 2 9 10 6 8 1 14 10 18 14 14 3 2 0 10 4 11 11 1 10 1 1 0 1 1 1 0 0 0 0 0
2 1 4 4 5 0 4 0 1 5 4 2 6 4 7 0 0 3 5 5 4 1 2 1 7 4 1 5 3 3 1 0 3 1 0 2 5 6 6 5 8 1 1 2 2 3 2 0 2 0 0 0 0 0 0 0 0 0 0 0
28 29 26 18 26 0 26 1 4 34 14 19 23 16 14 0 0 17 20 13 12 13 29 14 14 24 19 33 34 11 25 23 20 25 2 35 33 37 35 41 16 2 4 29 14 23 25 2 36 0 0 1 0 0 2 0 1 0 1 0
0 0 0 0 0 0 0 0 0 0 0 0 0 0 0 0 0 0 0 0 0 0 0 0 0 0 0 0 0 0 0 0 0 0 0 0 0 0 0 0 0 0 0 0 0 0 0 0 0 0 0 0 0 0 0 0 0 0 0 0
6 12 5 8 9 63 11 11 17 5 8 10 11 18 17 20 24 10 9 15 12 21 9 27 10 21 34 8 11 6 6 9 3 5 20 2 3 0 1 1 26 208 120 3 19 13 8 44 6 1 3 2 1 2 24 0 8 0 4 10
4 8 4 4 1 65 3 13 6 1 4 7 5 5 0 28 23 12 10 9 12 7 9 3 0 0 6 1 0 10 6 7 4 6 12 0 0 0 0 0 6 14 113 0 5 2 1 17 1 0 0 0 0 0 0 0 0 0 0 0
0 0 0 0 0 0 0 0 0 0 0 0 0 0 0 0 0 0 0 0 0 0 0 0 0 0 0 0 0 0 0 0 0 0 0 0 0 0 0 0 0 0 0 0 0 0 0 0 0 0 0 0 0 0 0 0 0 0 0 0
3 0 1 4 0 1 7 8 11 1 2 1 3 14 7 1 0 0 2 3 4 4 1 5 8 7 12 2 4 1 1 3 2 1 7 2 4 0 1 2 13 3 9 4 15 5 6 8 3 0 0 0 0 0 1 0 0 0 0 0
3 0 0 2 0 0 0 1 1 1 0 0 1 0 0 0 0 0 0 0 0 1 0 0 0 0 0 1 0 1 0 1 0 1 0 0 0 0 0 0 0 0 0 0 0 1 0 0 1 0 0 0 0 0 0 0 0 0 0 0
0 0 0 0 0 0 0 0 0 0 0 0 0 0 0 0 0 0 0 0 0 0 0 0 0 0 0 0 0 0 0 0 0 0 0 0 0 0 0 0 0 0 0 0 0 0 0 0 0 0 0 0 0 0 0 0 0 0 0 0
3 5 2 4 1 8 5 20 15 1 5 5 2 1 5 7 15 6 5 9 7 4 6 3 1 2 9 1 0 11 3 5 7 4 39 1 1 1 1 1 10 9 18 5 15 6 4 39 4 0 0 0 0 0 0 0 0 0 0 0
0 0 0 0 0 0 0 0 0 0 0 0 0 0 0 0 0 0 0 0 0 0 0 0 0 0 0 0 0 0 0 0 0 0 0 0 0 0 0 0 0 0 0 0 0 0 0 0 0 0 0 0 0 0 0 0 0 0 0 0
0 1 0 0 2 0 1 0 0 0 0 0 0 0 0 0 0 0 0 0 0 0 0 1 0 0 0 0 0 0 0 0 0 0 0 0 0 0 0 0 0 3 0 0 0 0 0 0 0 58 43 51 50 30 26 34 48 29 1 4
0 0 0 0 0 0 0 0 0 0 0 0 0 0 0 0 0 0 0 0 0 0 0 0 0 0 0 0 0 0 0 0 0 0 0 0 0 0 0 0 0 0 0 0 0 0 0 0 0 0 0 0 0 1 0 0 0 0 0 1
1 2 0 0 6 0 2 0 0 0 0 0 1 10 1 0 0 0 0 0 0 4 0 2 0 2 0 0 0 0 0 1 0 0 0 0 0 0 0 0 0 4 0 0 0 0 0 0 1 40 64 156 156 32 121 32 145 52 1 3
0 0 0 0 0 0 0 0 0 0 0 0 0 0 0 0 0 0 0 0 0 0 0 0 0 0 0 0 0 0 0 0 0 0 0 0 0 0 0 0 0 0 0 0 0 0 0 0 0 3 1 3 8 0 7 0 7 3 0 0
0 0 0 0 1 0 4 0 0 1 0 1 1 2 2 0 0 0 0 0 1 3 1 3 0 1 0 0 0 0 2 1 0 2 0 0 0 0 1 3 0 5 0 0 0 0 0 0 1 57 67 22 9 137 14 101 10 61 22 35
16 6 16 24 35 2 33 3 2 6 9 4 11 108 35 3 0 5 5 13 15 30 16 77 19 28 22 10 8 6 9 19 8 2 9 8 3 24 6 22 15 73 13 16 16 21 15 9 22 23 16 95 83 6 314 16 101 15 6 6
0 0 0 0 0 0 0 0 0 0 0 0 0 0 0 0 0 0 0 0 0 0 0 0 0 0 0 0 0 0 0 1 0 0 0 0 0 0 0 0 0 1 0 0 0 0 0 0 0 162 166 52 54 175 7 198 42 190 30 37
0 0 0 0 0 0 0 0 0 0 0 0 0 1 0 0 0 0 0 0 0 0 0 0 0 0 0 0 0 0 0 0 0 0 1 0 0 0 0 0 0 5 0 0 0 0 0 0 0 2 3 6 7 1 13 1 22 2 2 0
0 0 0 1 2 0 0 0 0 0 0 0 1 4 0 0 0 0 0 0 0 2 0 1 0 0 1 0 0 0 0 0 0 0 0 0 0 0 0 0 0 4 0 0 0 0 0 0 0 282 238 249 274 180 58 248 240 286 5 30
40 35 39 34 36 15 41 8 4 27 23 18 20 24 21 8 6 23 20 28 26 39 33 27 24 28 22 24 21 9 30 39 21 20 3 20 26 26 20 26 18 46 16 26 24 29 26 3 25 17 39 13 7 69 17 22 13 13 501 361
0 1 3 1 2 4 4 0 0 1 2 2 1 2 2 0 0 0 0 0 0 2 0 6 1 2 0 0 0 0 0 1 0 0 1 0 0 0 0 0 0 57 7 0 0 0 0 1 0 20 28 18 9 35 16 20 23 18 76 176
