434 6 34 0 0 0 0 0 0 2 1 3 1 0 0 0 0 18 2 0 0 0 5 0 1 0 0 8 4 0 17 12 2 0 0 0 0 6 1 0 8 0 0 2 0 5 13 0 0 0 0 0 1 1 0 0 0 0 0 0
21 493 8 0 1 0 0 0 0 0 5 6 5 0 0 0 0 15 12 0 0 0 1 0 16 0 0 28 9 6 3 0 3 0 0 0 0 0 0 0 7 0 0 1 0 6 1 0 0 0 0 0 0 0 0 0 0 0 0 0
50 1 377 10 0 0 0 0 0 9 6 12 0 0 0 0 0 7 1 0 0 0 2 0 0 0 0 1 9 2 1 2 0 4 0 0 14 0 1 0 0 0 0 26 1 8 50 0 14 0 0 0 1 0 0 0 0 0 0 0
3 1 10 535 0 0 0 0 0 7 5 2 4 1 1 0 0 0 0 2 0 2 24 0 0 0 0 0 0 0 1 0 0 2 0 1 56 0 0 0 1 0 0 2 1 2 28 0 55 0 0 0 0 0 0 0 0 0 0 0
0 0 0 0 653 0 3 0 0 0 0 0 1 0 0 0 0 0 0 0 0 0 0 1 0 0 0 0 3 0 0 1 0 1 0 0 0 0 0 0 0 0 0 0 0 0 0 0 0 0 0 0 0 0 0 0 2 0 0 0
0 0 0 0 0 663 0 0 0 0 0 0 0 0 0 5 23 0 0 0 0 0 0 0 0 0 0 0 0 0 0 0 0 0 2 0 0 0 0 0 0 0 0 0 0 0 0 0 0 0 0 0 0 0 0 0 0 0 0 0
0 1 0 0 0 0 646 0 1 0 0 0 1 0 1 0 0 0 0 1 2 0 4 1 0 0 0 0 0 0 1 0 0 0 0 0 0 2 0 0 2 0 0 0 0 2 0 0 0 2 0 0 0 0 0 0 0 0 0 0
0 0 0 0 0 0 0 667 0 0 0 0 0 0 0 0 0 0 0 0 0 0 0 0 0 0 0 0 0 0 0 0 0 0 6 0 0 0 0 0 0 0 1 0 2 6 0 12 0 1 0 0 0 0 1 0 0 0 0 0
0 0 0 0 0 0 5 0 668 0 0 0 0 0 0 0 0 0 0 0 0 0 0 0 0 0 0 0 0 0 2 1 0 0 0 0 0 0 0 0 0 0 0 0 0 0 0 0 0 0 0 0 0 0 0 0 0 0 0 0
0 0 3 0 0 0 0 0 0 254 20 12 14 0 0 0 0 1 0 0 0 0 10 0 1 0 0 0 13 0 1 1 9 52 0 0 0 0 3 1 0 0 0 2 0 10 3 0 9 0 0 0 2 0 0 0 0 0 0 0
0 0 0 1 0 0 0 0 0 3 265 27 33 0 0 0 2 0 0 0 0 0 0 0 2 0 0 2 23 7 1 0 7 4 0 0 0 0 0 0 0 0 0 0 1 0 0 0 0 0 0 0 0 0 0 0 0 0 0 0
0 1 8 1 0 0 0 0 0 0 51 225 1 0 0 0 0 0 0 0 0 0 0 0 0 0 0 2 72 42 0 1 2 0 0 0 0 0 0 0 0 0 0 0 0 1 0 0 0 0 0 0 0 0 0 0 0 0 0 0
1 1 0 0 1 0 1 0 0 14 67 2 510 0 0 0 0 0 0 0 0 0 4 0 5 0 0 0 0 4 4 1 0 5 0 0 0 0 0 0 0 0 0 0 1 3 0 0 6 0 0 0 1 0 1 0 0 0 0 0
0 0 0 0 0 0 1 0 0 0 0 0 3 670 5 1 0 0 0 1 0 1 0 0 0 0 0 0 0 0 0 0 0 0 0 0 1 0 1 0 0 1 0 0 0 0 0 0 21 0 0 0 0 0 0 0 0 0 0 0
0 0 0 0 0 0 1 0 0 0 0 0 7 1 657 0 0 0 1 0 0 1 1 0 3 0 0 0 0 0 0 0 0 0 1 0 1 0 0 0 0 0 0 0 0 0 0 1 3 0 0 0 0 0 0 0 0 0 0 0
0 0 0 0 0 0 0 0 0 0 0 0 0 0 0 605 36 0 0 0 0 0 0 0 0 0 0 0 0 0 0 0 0 0 0 0 0 0 0 0 0 0 0 0 0 0 0 0 0 0 0 0 0 0 0 0 0 0 0 0
0 1 0 0 0 4 0 0 0 0 0 0 0 0 0 56 608 0 0 0 0 0 0 0 0 0 0 0 0 0 0 0 0 0 0 0 0 0 0 0 0 0 0 0 0 1 0 1 0 0 0 0 0 0 1 0 0 0 0 0
23 19 11 0 0 0 0 0 0 1 0 0 0 0 0 0 0 549 12 0 0 1 1 0 2 0 0 3 0 0 15 9 10 0 0 0 3 6 7 3 9 0 0 13 0 1 5 1 1 0 0 0 0 1 0 0 0 0 0 0
12 62 1 3 0 0 0 0 0 0 0 0 0 0 0 0 0 35 626 0 4 0 1 0 0 0 0 0 0 0 3 0 0 0 0 0 2 13 2 0 26 0 0 0 0 0 6 0 0 0 0 0 0 0 0 0 0 0 0 0
0 0 0 1 0 0 0 0 0 0 1 0 0 0 0 0 0 5 1 661 0 0 0 0 0 0 0 0 0 0 1 5 0 0 0 0 0 2 0 0 0 0 0 5 0 0 1 0 0 0 0 0 0 0 0 0 0 0 0 0
1 0 0 0 0 0 2 0 0 0 0 0 3 0 1 0 0 3 9 0 661 6 1 0 0 0 0 0 0 0 0 0 0 0 0 0 0 5 0 0 0 0 0 0 0 0 0 0 0 0 0 0 0 0 0 0 0 0 0 0
0 0 0 3 0 0 3 0 0 7 0 0 4 0 0 0 0 0 0 1 1 648 74 0 0 0 0 0 0 0 0 0 0 0 0 0 2 0 0 1 0 0 0 0 0 0 1 0 10 0 0 0 0 0 0 0 0 0 0 0
2 1 6 6 0 0 0 0 0 24 0 0 4 0 0 0 0 0 0 0 1 5 493 0 0 0 0 0 0 0 12 6 0 5 0 0 3 0 0 0 0 0 0 3 0 1 3 0 35 0 0 0 0 1 0 0 0 0 0 0
0 0 0 0 2 0 2 0 0 0 0 0 0 0 0 0 0 0 0 0 0 0 0 663 1 0 0 1 0 0 0 0 0 0 0 0 0 0 0 0 0 2 0 0 0 0 0 0 0 0 4 1 0 0 0 0 1 0 0 0
1 28 0 0 3 0 2 0 0 4 9 0 7 0 0 0 0 4 0 0 0 0 0 0 604 0 0 11 7 10 1 0 8 4 0 1 1 0 0 0 3 0 0 0 29 36 0 0 1 0 0 0 1 0 2 2 12 1 0 0
0 0 0 0 0 0 0 0 0 0 0 0 0 0 0 0 0 0 0 0 0 2 0 0 0 668 0 0 0 0 0 0 0 0 0 0 0 0 0 0 0 1 0 0 0 0 0 0 0 0 0 0 0 0 0 0 0 0 0 0
0 0 0 0 0 0 0 0 0 0 0 0 0 0 0 0 0 0 0 0 0 0 0 0 0 1 668 0 0 0 0 0 0 0 0 0 0 0 0 0 0 0 0 0 0 0 0 0 0 0 0 0 0 0 0 0 0 0 0 0
14 37 7 0 1 0 0 0 0 0 0 1 1 0 0 0 0 4 0 0 0 0 1 0 6 0 0 563 4 1 17 24 11 0 0 0 0 12 3 2 3 0 0 3 1 2 3 0 0 0 0 0 0 0 0 0 0 0 0 0
4 3 5 0 3 0 0 0 0 6 64 113 0 0 0 0 0 0 0 0 0 0 0 0 0 0 0 0 370 30 1 4 26 1 0 0 0 2 3 0 0 0 0 1 2 7 0 0 0 0 0 0 1 1 0 0 0 0 0 0
0 3 0 0 0 0 0 0 0 4 112 244 13 0 0 0 0 0 0 0 0 0 0 0 1 0 0 0 98 556 0 0 1 6 0 0 0 0 0 0 0 0 0 0 2 3 0 0 0 0 0 0 0 0 0 0 0 0 0 0
12 1 1 0 0 0 0 0 0 3 0 0 2 0 0 0 0 0 0 0 0 0 3 0 0 0 0 3 0 0 306 119 16 0 0 0 0 17 1 2 0 0 0 0 0 0 1 0 0 1 0 0 0 7 0 0 0 0 0 0
14 0 3 0 0 0 0 0 0 3 3 0 0 0 0 0 0 0 0 0 0 0 1 0 0 0 0 0 0 0 80 328 9 0 0 0 0 17 0 27 0 0 0 3 0 0 5 0 0 0 0 0 0 0 0 0 0 0 0 0
5 0 1 0 3 0 0 0 0 17 18 4 0 0 0 0 0 1 0 0 0 0 0 0 4 0 0 0 20 0 58 28 486 0 0 0 0 0 21 2 0 0 0 0 3 11 0 0 0 0 0 0 0 2 1 0 0 1 0 0
0 0 5 7 0 0 0 0 0 242 20 10 38 0 0 0 0 0 0 0 0 0 13 0 2 0 0 0 7 2 0 0 0 547 0 0 1 0 0 0 0 0 0 0 22 12 0 0 13 0 0 0 4 0 0 0 0 1 0 0
0 0 0 0 0 2 2 0 0 0 0 0 0 0 0 0 0 0 0 0 0 0 0 0 0 0 0 0 0 0 0 0 0 0 650 0 0 0 0 0 3 0 0 0 1 2 1 5 0 0 0 0 0 0 0 0 1 0 0 0
0 0 3 2 0 0 0 0 0 0 0 0 0 0 0 0 0 0 0 0 0 0 0 0 1 0 0 0 0 0 0 0 0 0 1 665 2 0 0 0 3 0 0 0 0 1 2 0 0 1 0 0 0 0 0 0 0 0 0 0
6 3 71 54 0 0 0 0 0 6 2 1 0 0 0 0 0 15 1 0 0 0 7 0 3 0 0 4 1 0 0 1 0 13 0 0 542 0 0 0 4 0 0 35 3 7 68 0 22 0 0 0 0 0 0 0 0 0 0 0
7 0 4 0 0 0 0 0 0 0 0 0 0 0 0 0 0 4 0 0 0 0 0 0 0 0 0 18 0 0 72 42 2 0 0 0 0 526 7 17 1 0 0 11 0 0 3 0 0 0 0 0 0 0 0 0 0 0 0 0
4 0 3 0 0 0 0 0 0 5 4 0 0 0 0 0 0 1 0 0 0 0 0 0 0 0 0 1 9 0 16 14 50 0 0 0 0 9 532 70 2 0 0 1 2 3 4 0 0 0 0 0 0 0 0 0 0 0 0 0
8 0 0 0 0 0 0 0 0 0 0 0 0 0 0 0 0 1 0 2 0 0 0 0 0 0 0 0 0 0 14 46 1 0 0 0 0 38 41 542 0 0 0 1 0 0 0 0 0 0 0 0 0 0 0 0 0 0 0 0
4 1 1 1 0 0 3 0 0 0 0 0 0 0 0 0 0 7 5 0 1 0 1 0 3 0 0 1 0 0 4 0 2 0 1 1 6 5 17 0 490 0 0 14 21 21 54 20 0 0 0 0 0 0 0 0 0 0 0 0
0 0 0 0 0 0 0 0 0 0 0 0 0 0 0 0 0 0 0 0 0 0 0 5 0 1 0 0 0 0 0 0 0 0 0 0 0 0 0 0 0 667 0 0 0 0 0 0 0 0 0 1 0 0 0 0 0 0 0 0
0 0 0 0 0 1 0 1 0 0 0 0 0 0 0 1 0 0 0 0 0 0 0 0 0 0 0 0 0 0 0 0 0 0 1 0 0 0 0 0 0 0 669 0 0 0 0 0 0 0 0 0 0 0 0 0 0 0 0 0
19 1 63 2 0 0 0 0 0 1 3 2 0 0 0 0 0 2 0 1 0 0 0 0 0 0 0 11 4 0 3 15 1 0 0 0 15 8 9 3 14 0 0 482 1 8 135 0 0 0 0 0 0 0 0 0 0 0 0 0
0 1 1 0 0 0 0 1 0 3 2 0 0 0 0 0 0 0 0 0 0 0 0 0 5 0 0 1 11 3 1 0 13 2 1 0 0 0 12 0 23 0 0 9 460 116 14 13 0 0 0 0 0 0 0 0 0 0 0 0
9 1 6 0 3 0 0 0 0 7 6 6 0 0 0 0 0 0 0 0 0 0 1 0 11 0 0 7 4 3 7 0 5 4 0 0 0 1 5 0 2 0 0 2 56 370 9 1 1 0 0 0 5 1 0 0 1 3 0 0
15 2 14 10 0 0 0 0 0 2 0 0 0 0 0 0 0 0 0 0 0 0 3 0 0 0 0 4 0 1 6 0 0 0 0 0 11 0 4 0 15 0 0 54 7 13 259 0 1 0 0 0 0 1 0 0 0 0 0 0
0 0 0 0 0 0 1 0 0 0 0 0 0 0 2 2 1 0 0 1 0 0 0 0 0 0 0 0 0 0 0 0 0 0 9 0 0 0 0 0 55 0 0 0 56 9 0 616 0 0 0 0 0 0 0 0 0 0 0 0
0 0 25 35 0 0 0 0 0 40 5 0 16 0 0 0 0 0 0 0 0 0 17 0 0 0 0 0 0 0 4 0 0 19 0 0 11 0 0 0 0 0 0 0 0 0 1 0 478 0 0 0 1 0 0 0 0 0 0 0
0 0 0 0 0 0 0 0 0 0 0 0 0 0 0 0 0 0 0 0 0 0 0 0 0 0 0 0 0 0 1 0 1 0 0 0 0 0 0 0 0 0 0 0 0 0 0 0 0 650 2 9 8 5 2 5 6 0 0 0
0 0 0 0 0 0 0 0 0 0 0 0 0 0 0 0 0 0 0 0 0 0 0 1 0 0 0 0 0 0 0 0 0 0 0 0 0 0 0 0 0 0 0 0 0 0 0 0 0 3 661 3 0 0 1 2 7 3 1 0
0 0 0 0 0 0 0 0 0 0 0 0 0 0 0 0 0 0 0 0 0 0 0 0 0 0 0 0 0 0 0 0 0 0 0 0 0 0 0 0 0 0 0 0 0 0 0 0 0 7 1 657 1 0 0 1 0 0 0 0
0 0 0 0 0 0 0 0 0 6 1 0 1 0 0 0 0 0 0 0 0 0 4 0 0 0 0 0 2 0 2 3 0 0 0 0 0 0 0 0 0 0 0 0 0 0 0 0 0 2 0 0 574 67 2 8 17 4 0 0
2 0 0 0 0 0 0 0 0 0 0 0 0 0 0 0 0 0 0 0 0 0 0 0 0 0 0 0 0 0 12 5 3 0 0 0 0 1 0 0 0 0 0 0 0 0 0 0 0 0 0 0 29 575 0 0 2 0 0 0
0 0 0 0 0 0 0 0 0 0 0 0 0 0 0 0 0 0 0 0 0 0 0 0 0 0 0 0 0 0 0 1 2 0 0 0 0 0 1 0 0 0 0 0 0 1 0 0 0 0 1 0 3 0 648 0 0 2 0 0
0 0 0 0 1 0 0 0 0 0 0 0 0 0 0 0 0 0 0 0 0 0 0 0 0 0 0 0 0 0 0 0 1 0 0 0 0 0 0 0 0 0 0 0 0 0 0 0 0 1 0 0 4 1 4 620 66 11 0 0
0 0 0 0 0 0 0 0 0 0 0 0 0 0 0 0 0 0 0 0 0 0 0 0 0 0 0 0 1 0 1 0 0 0 0 0 0 0 0 0 0 0 0 0 0 1 0 0 0 1 2 1 17 4 5 20 553 1 0 0
0 0 0 0 0 0 0 0 0 0 1 0 0 0 0 0 0 0 0 0 0 0 0 0 0 0 0 0 0 1 0 1 0 0 0 0 0 0 0 0 0 0 0 0 0 0 0 0 0 1 0 0 15 3 1 12 1 644 0 0
0 0 0 0 0 0 0 0 0 0 0 0 0 0 0 0 0 0 0 0 0 0 0 0 0 0 0 0 0 0 0 0 0 0 0 0 0 0 0 0 0 0 0 0 0 0 0 0 0 0 0 0 0 0 0 0 0 0 668 0
0 0 0 0 0 0 0 0 0 0 0 0 0 0 0 0 0 0 0 0 0 0 0 0 0 0 0 0 0 0 0 0 0 0 0 0 0 0 0 0 0 0 0 0 0 0 0 0 0 0 0 0 0 0 0 0 0 0 0 669
