54 5 13 0 0 0 0 0 0 0 0 0 1 0 0 0 0 6 5 0 0 0 1 0 0 0 0 10 0 1 1 0 0 0 0 0 2 3 0 0 0 0 0 0 4 8 2 0 2 0 0 0 0 0 0 0 0 0 0 0
21 129 10 2 1 0 0 0 0 1 10 6 16 0 0 0 0 11 17 0 0 0 1 0 42 0 0 50 7 22 0 0 1 0 0 1 8 0 0 0 4 0 0 0 5 4 5 0 0 0 0 0 1 0 0 1 0 1 0 0
7 3 70 10 0 0 0 0 0 5 12 4 0 0 0 0 0 1 0 0 0 0 5 0 2 0 0 1 3 3 0 0 0 8 0 1 16 0 0 0 0 0 0 24 9 12 14 0 3 0 0 0 0 0 0 0 0 0 0 0
0 2 1 81 0 0 0 0 0 1 0 0 0 0 0 0 0 0 0 0 0 3 9 0 0 0 0 0 0 0 0 0 0 0 0 4 29 0 0 0 4 0 0 0 0 1 2 2 4 0 0 0 0 0 0 0 0 0 0 0
4 2 0 0 582 0 4 0 1 0 4 1 5 0 0 2 1 1 0 0 2 0 0 13 8 0 0 10 5 1 3 0 1 0 0 0 0 0 0 0 0 0 0 0 0 2 0 3 0 0 0 1 0 0 1 0 1 0 0 0
0 0 0 0 0 554 0 2 1 0 0 0 0 0 0 15 24 0 0 0 0 0 0 0 0 0 3 0 0 0 0 0 0 0 36 0 0 0 0 0 1 18 0 0 0 0 0 10 0 0 0 0 0 0 0 0 0 0 0 0
0 4 0 3 1 0 404 2 5 0 0 0 7 1 27 0 0 0 0 6 12 20 11 3 0 0 1 1 0 0 4 0 1 0 1 0 0 1 2 0 24 1 1 0 20 8 3 8 2 25 0 2 3 0 4 1 4 1 0 0
0 0 0 0 0 1 13 574 0 0 1 0 0 0 2 6 1 0 3 0 10 0 0 2 1 0 0 0 0 0 0 0 4 0 22 0 0 0 0 0 5 6 6 2 33 24 0 146 0 0 1 0 0 0 1 0 1 0 0 0
2 3 0 0 1 1 89 3 646 0 3 0 2 0 1 3 5 1 0 7 0 12 8 4 6 0 10 4 0 0 5 9 0 0 2 0 0 8 4 15 19 0 0 3 7 8 2 3 1 10 0 0 0 1 3 0 0 2 0 0
21 3 24 2 0 0 0 0 0 112 17 3 24 0 0 0 0 4 3 0 0 0 11 0 2 0 0 3 3 0 2 0 6 65 0 0 11 1 1 0 0 0 0 8 15 17 20 0 9 0 0 0 13 3 0 0 0 0 0 0
1 18 4 5 1 0 0 0 0 6 125 34 45 0 0 0 1 1 3 0 0 0 0 0 14 0 0 5 7 40 2 1 4 15 0 0 7 0 0 0 1 0 0 4 7 9 6 1 0 0 0 0 0 0 0 1 0 0 0 0
17 17 41 1 0 0 0 0 0 17 105 264 4 0 0 1 0 3 0 0 0 0 0 0 3 0 0 6 133 251 2 5 26 11 0 0 3 2 0 0 2 0 0 15 12 22 7 0 0 0 0 0 0 1 0 0 0 0 0 0
0 4 0 5 1 0 1 0 0 8 43 4 188 0 5 0 0 5 0 0 0 1 7 1 18 0 0 2 2 3 2 0 0 5 0 0 0 0 0 0 2 0 0 0 1 1 0 0 7 2 0 0 2 0 0 2 1 5 0 0
0 0 0 2 0 0 12 0 0 1 0 0 12 613 21 3 1 0 0 0 0 15 0 0 0 0 0 0 0 0 2 0 0 0 0 0 0 0 0 0 0 1 0 0 0 2 0 1 18 0 0 0 0 0 0 2 0 0 0 0
0 4 0 1 6 0 4 1 1 0 0 0 16 5 557 0 3 0 1 1 0 1 3 1 3 0 0 0 0 0 0 0 0 0 2 0 0 0 0 0 5 3 0 0 0 1 0 4 3 1 2 2 0 0 2 1 5 0 0 0
1 2 0 1 0 26 4 7 0 0 5 5 11 1 10 578 233 6 0 2 0 0 1 1 5 0 0 1 1 0 1 0 5 0 30 0 0 0 0 0 1 3 7 1 10 4 0 58 0 0 1 0 2 0 0 1 25 0 0 0
1 7 0 0 2 66 0 2 0 0 5 0 4 0 22 48 390 2 0 0 0 0 0 2 20 0 0 0 0 0 1 0 2 0 6 0 0 0 0 0 0 10 0 1 2 4 2 29 1 0 0 0 0 0 0 0 6 0 0 0
105 65 19 0 6 0 0 0 0 26 9 6 6 0 0 0 0 364 133 0 13 0 4 0 29 0 0 44 16 0 49 24 57 0 0 0 11 18 19 3 31 0 0 13 3 6 4 0 3 0 0 0 6 12 3 4 8 0 0 0
27 119 4 11 6 0 0 0 0 20 3 0 20 0 0 0 0 118 394 2 10 3 4 0 16 0 0 51 0 2 9 1 10 3 0 0 11 14 0 0 18 0 0 1 6 3 12 0 0 0 0 0 7 2 0 2 2 0 0 0
5 4 4 7 0 0 4 0 0 2 4 1 14 4 2 0 0 48 12 605 2 30 20 0 2 0 0 0 0 0 8 14 0 0 0 0 6 27 8 11 29 0 0 7 3 2 7 12 1 3 0 0 1 0 3 0 2 0 0 0
3 6 1 2 8 0 19 0 0 0 0 0 12 0 5 0 0 3 34 1 595 17 3 0 1 0 0 8 0 0 0 0 0 0 4 0 0 13 0 0 13 0 0 0 9 2 1 1 0 0 0 0 0 0 0 0 0 0 0 0
1 1 0 19 0 0 22 0 0 1 0 0 7 9 0 0 0 0 0 1 1 355 89 0 0 0 0 0 0 0 0 0 0 3 0 1 3 0 2 0 5 0 0 0 0 2 5 0 19 1 0 0 5 0 1 0 0 0 0 0
15 3 49 81 0 0 7 0 0 62 0 0 19 0 0 0 0 0 1 5 7 148 339 0 0 0 0 2 0 0 18 9 1 36 0 0 38 2 5 5 54 0 0 25 19 24 109 2 105 0 0 0 14 4 0 1 0 0 0 0
0 0 0 0 1 0 1 0 0 0 1 0 0 0 4 0 2 0 0 0 0 0 0 517 4 0 0 0 0 0 0 0 0 0 0 0 0 0 0 0 0 24 0 0 0 3 0 0 0 0 26 2 0 0 0 0 4 0 1 0
3 43 3 0 4 0 1 0 0 0 8 1 11 0 0 0 1 3 3 0 0 0 0 2 329 0 0 7 3 11 1 0 5 2 3 0 7 0 0 0 8 0 0 1 32 23 7 1 1 0 0 0 3 0 0 1 23 1 0 0
0 0 0 0 0 0 0 0 0 1 0 0 0 0 0 0 0 0 0 0 0 9 0 4 0 640 2 0 0 0 0 0 0 0 0 0 1 0 0 0 1 28 0 0 0 1 0 0 1 0 0 0 0 0 0 0 0 0 0 0
0 0 0 0 0 0 15 7 8 0 0 0 0 0 0 1 0 0 0 0 0 6 0 8 0 17 655 0 0 0 0 0 0 0 1 0 0 0 0 0 5 14 2 0 0 2 0 1 0 0 0 0 0 0 0 0 0 0 0 0
14 53 16 0 2 0 0 0 0 1 11 1 5 0 0 0 0 10 33 0 0 0 1 0 21 0 0 211 6 6 4 12 11 0 0 0 0 6 1 0 5 0 0 8 5 5 1 0 0 0 0 0 0 0 0 1 0 0 0 0
57 18 40 0 13 0 0 0 0 11 63 202 2 0 0 0 0 0 0 0 0 0 1 0 4 0 0 8 325 107 8 13 25 1 0 1 0 4 16 0 7 0 0 28 27 43 8 0 0 0 0 0 13 8 0 0 0 1 0 0
1 29 9 0 2 0 0 0 0 2 45 63 9 0 0 0 0 2 0 0 0 0 0 0 26 0 0 1 41 147 0 0 2 9 0 1 1 0 0 0 0 0 0 1 10 14 4 0 1 0 0 0 1 1 0 0 0 0 0 0
18 7 0 0 0 0 0 0 0 3 2 0 2 0 0 0 0 4 0 0 0 0 2 0 2 0 0 9 0 0 35 7 11 0 0 0 0 9 3 1 2 0 0 1 6 9 11 0 0 0 0 0 2 8 0 0 0 1 0 0
58 1 22 0 1 0 0 1 1 20 11 5 1 0 0 0 0 11 3 8 0 0 7 0 1 0 0 66 6 3 112 252 89 0 0 2 0 83 109 86 11 0 0 123 8 22 68 2 0 0 0 0 4 21 10 0 0 0 0 0
59 30 28 1 6 0 0 0 0 18 28 16 2 0 0 0 0 15 6 0 0 0 0 0 7 0 0 54 33 7 35 35 197 3 0 0 0 4 24 2 2 0 0 16 26 42 3 1 0 0 0 0 2 2 2 0 0 0 0 0
18 22 50 33 2 0 0 0 0 222 72 20 120 1 0 0 0 9 2 0 0 0 22 0 19 0 0 2 16 29 2 1 6 434 0 10 27 0 0 0 1 0 0 4 33 26 24 0 41 0 0 0 16 3 0 0 0 11 0 0
0 0 0 0 0 12 4 11 3 0 0 0 0 0 0 4 3 0 0 0 0 0 0 0 1 0 0 1 0 0 0 0 0 0 537 0 0 0 0 0 17 0 0 0 8 0 0 77 0 1 0 0 0 0 0 0 7 0 0 0
4 13 8 33 0 0 3 0 0 2 1 0 1 0 0 0 0 0 0 0 0 1 8 0 7 0 0 0 0 1 2 0 0 2 2 624 30 0 0 0 21 0 0 1 4 14 15 0 15 1 0 0 3 0 0 0 0 0 0 0
8 13 54 109 0 0 0 0 0 5 7 1 5 0 0 0 0 4 3 5 0 2 5 0 5 0 0 2 2 3 0 2 0 11 0 0 241 0 0 0 10 0 0 18 10 13 73 0 26 0 0 0 0 0 0 0 0 0 0 0
22 0 1 0 0 0 0 0 0 0 0 0 0 0 0 0 0 7 8 4 2 0 6 0 0 0 0 25 0 0 50 33 7 0 0 0 0 167 14 22 7 0 0 4 10 0 5 1 0 0 0 0 3 2 0 0 0 0 0 0
12 2 10 0 1 0 0 0 0 23 5 1 0 0 0 0 0 2 0 0 0 0 1 0 0 0 0 15 15 1 43 17 94 4 0 0 0 6 170 19 2 0 0 3 7 2 2 0 0 0 0 0 0 18 0 0 0 0 0 0
17 2 1 0 0 0 2 0 0 1 1 1 0 0 0 0 0 7 1 20 1 2 21 0 2 0 0 27 1 0 209 159 43 0 0 0 0 285 250 499 4 0 0 10 16 1 5 0 4 6 0 0 3 45 0 0 0 0 0 0
3 4 0 6 0 0 8 4 1 0 0 0 1 0 0 0 0 0 0 1 2 0 1 0 13 0 0 3 0 0 0 0 0 1 6 6 10 0 10 0 240 0 0 3 51 19 30 34 0 0 0 0 0 0 0 0 3 0 0 0
0 0 0 0 0 2 3 1 0 0 0 0 0 0 4 1 1 0 0 0 0 0 0 50 0 12 0 0 0 0 0 0 0 0 0 0 0 0 0 0 0 528 0 0 0 0 0 4 0 2 0 1 0 0 0 0 0 0 1 4
0 0 0 0 1 7 1 30 0 0 0 0 0 0 0 5 0 0 0 0 5 0 0 3 0 0 0 0 0 0 0 0 0 0 5 0 0 0 0 0 3 5 655 0 0 0 0 12 0 1 0 0 0 0 0 0 0 0 1 0
59 4 127 10 0 0 0 0 0 19 16 21 2 0 0 0 0 12 2 1 0 0 5 0 1 0 0 19 23 7 12 27 17 6 0 1 61 9 17 3 29 0 0 304 38 47 134 1 3 0 0 0 2 0 0 0 0 0 0 0
0 2 0 0 0 0 0 0 0 1 1 0 0 0 0 0 0 1 0 0 0 0 0 0 7 0 0 4 2 1 0 0 0 0 1 3 0 0 0 0 6 0 0 1 50 10 10 13 0 0 0 0 2 0 0 0 3 0 0 0
11 6 12 1 8 0 0 0 0 0 2 0 1 0 1 0 0 0 0 0 0 0 2 1 23 0 0 8 5 9 3 0 3 2 2 4 4 0 1 0 9 0 0 7 56 79 10 0 1 0 0 0 3 1 1 1 2 2 0 0
3 0 22 13 0 0 0 0 0 2 0 0 0 0 0 0 0 0 2 0 0 0 4 0 0 0 0 1 0 3 1 0 1 0 0 0 26 0 1 0 15 0 0 25 18 7 48 4 5 0 0 0 0 1 0 0 0 0 0 0
0 0 0 0 0 1 12 22 0 0 3 0 2 0 8 3 1 0 0 0 5 0 0 0 4 0 0 0 0 0 0 0 0 0 9 0 0 0 0 0 41 0 0 0 70 13 1 237 1 0 0 0 1 0 0 0 2 1 0 0
1 4 14 231 0 0 0 0 0 50 18 0 40 37 2 0 0 1 0 1 0 40 60 0 1 0 0 0 0 1 1 0 0 31 0 13 114 0 0 0 4 0 0 1 1 9 7 2 385 0 0 0 1 0 0 0 0 1 0 0
0 3 0 0 0 0 13 0 2 0 0 0 2 1 0 0 0 0 1 0 1 1 0 0 0 0 0 0 1 0 1 1 0 0 0 0 0 0 0 0 0 0 0 0 0 4 0 0 1 428 21 47 17 4 8 20 32 22 0 0
0 0 0 0 0 0 3 0 0 0 0 0 2 0 0 0 0 0 0 0 0 0 0 50 0 0 0 0 0 0 0 0 0 0 0 0 0 0 0 0 0 6 0 0 0 2 0 0 0 15 575 45 1 0 3 5 17 5 3 18
0 0 1 0 2 0 2 0 0 0 0 0 0 0 0 0 0 0 0 0 2 0 0 0 0 0 0 0 0 0 0 0 0 0 0 0 0 0 0 0 0 0 0 0 0 0 0 0 0 60 9 555 1 0 0 10 8 2 0 1
4 2 8 0 0 0 1 0 0 11 7 4 11 0 0 0 0 1 0 0 0 3 4 0 2 0 0 3 2 6 2 7 2 9 0 0 1 0 0 0 0 0 0 4 6 42 3 0 1 5 0 0 318 52 7 13 32 51 0 0
8 6 5 0 2 0 0 0 0 7 9 3 2 0 0 0 0 2 1 0 0 0 2 0 4 0 0 3 10 2 26 28 26 4 0 0 0 6 10 0 1 0 0 3 7 31 0 0 0 13 0 0 89 435 0 16 9 20 0 0
0 0 0 0 6 0 17 0 0 3 2 0 1 0 0 0 2 1 0 2 0 2 1 8 0 0 0 4 1 0 11 13 5 2 0 0 0 0 4 0 0 1 0 0 3 9 2 1 0 44 16 5 38 17 591 11 23 20 1 0
2 2 0 0 1 0 0 0 0 1 2 0 9 0 0 1 1 3 0 0 0 0 0 0 2 0 0 0 0 0 2 2 2 0 0 0 0 0 1 0 0 0 0 0 0 2 0 0 1 29 5 1 46 15 11 512 163 43 0 0
2 2 1 0 1 0 1 0 0 1 0 0 2 0 0 0 0 1 0 0 0 0 0 0 12 0 0 0 0 0 1 0 5 0 0 0 0 0 0 0 1 0 0 0 2 8 0 0 0 8 5 2 18 4 18 10 280 3 0 0
0 0 0 0 1 0 1 0 0 6 9 3 24 0 0 0 0 0 0 0 0 0 1 0 1 0 0 0 0 2 1 0 0 4 0 0 0 0 0 0 0 0 0 0 0 2 0 0 1 13 0 0 31 9 1 52 6 478 0 0
0 0 0 0 0 0 0 0 0 0 0 0 0 0 0 0 0 0 0 0 0 0 0 0 0 0 0 0 0 0 0 0 0 0 0 0 0 0 0 0 0 0 0 0 0 0 0 0 0 0 1 0 0 0 0 0 0 0 659 2
0 0 0 0 0 0 0 0 0 0 0 0 0 0 0 0 0 0 0 0 0 0 0 1 0 0 0 0 0 0 0 0 0 0 0 0 0 0 0 0 0 19 0 0 0 0 0 0 0 1 10 6 0 0 0 0 0 0 3 647
